1.00000000e-04	2.47134652e+02
1.02476269e-04	2.53034205e+02
1.05013858e-04	2.59074448e+02
1.07614284e-04	2.65258726e+02
1.10279103e-04	2.71590461e+02
1.13009911e-04	2.78073156e+02
1.15808341e-04	2.84710396e+02
1.18676067e-04	2.91505850e+02
1.21614806e-04	2.98463273e+02
1.24626317e-04	3.05586511e+02
1.27712400e-04	3.12879499e+02
1.30874903e-04	3.20346264e+02
1.34115718e-04	3.27990928e+02
1.37436785e-04	3.35817709e+02
1.40840090e-04	3.43830917e+02
1.44327670e-04	3.52034966e+02
1.47901611e-04	3.60434372e+02
1.51564054e-04	3.69033758e+02
1.55317188e-04	3.77837854e+02
1.59163260e-04	3.86851501e+02
1.63104571e-04	3.96079653e+02
1.67143479e-04	4.05527380e+02
1.71282402e-04	4.15199867e+02
1.75523816e-04	4.25102411e+02
1.79870258e-04	4.35240432e+02
1.84324330e-04	4.45619474e+02
1.88888697e-04	4.56245212e+02
1.93566090e-04	4.67123448e+02
1.98359308e-04	4.78260122e+02
2.03271219e-04	4.89661310e+02
2.08304762e-04	5.01333228e+02
2.13462949e-04	5.13282232e+02
2.18748867e-04	5.25514813e+02
2.24165678e-04	5.38037601e+02
2.29716624e-04	5.50857377e+02
2.35405026e-04	5.63981076e+02
2.41234289e-04	5.77415792e+02
2.47207899e-04	5.91168780e+02
2.53329433e-04	6.05247457e+02
2.59602552e-04	6.19659411e+02
2.66031011e-04	6.34412400e+02
2.72618655e-04	6.49514340e+02
2.79369427e-04	6.64973301e+02
2.86287367e-04	6.80797529e+02
2.93376613e-04	6.96995455e+02
3.00641408e-04	7.13575695e+02
3.08086099e-04	7.30547054e+02
3.15715141e-04	7.47918533e+02
3.23533098e-04	7.65699330e+02
3.31544650e-04	7.83898847e+02
3.39754588e-04	8.02526677e+02
3.48167827e-04	8.21592576e+02
3.56789400e-04	8.41106492e+02
3.65624467e-04	8.61078588e+02
3.74678313e-04	8.81519240e+02
3.83956358e-04	9.02439043e+02
3.93464151e-04	9.23848818e+02
4.03207384e-04	9.45759611e+02
4.13191885e-04	9.68182703e+02
4.23423629e-04	9.91129606e+02
4.33908738e-04	1.01461201e+03
4.44653487e-04	1.03864178e+03
4.55664306e-04	1.06323104e+03
4.66947781e-04	1.08839214e+03
4.78510666e-04	1.11413767e+03
4.90359879e-04	1.14048047e+03
5.02502511e-04	1.16743365e+03
5.14945826e-04	1.19501056e+03
5.27697272e-04	1.22322481e+03
5.40764478e-04	1.25209025e+03
5.54155263e-04	1.28162086e+03
5.67877640e-04	1.31183086e+03
5.81939820e-04	1.34273474e+03
5.96350218e-04	1.37434724e+03
6.11117455e-04	1.40668337e+03
6.26250370e-04	1.43975841e+03
6.41758016e-04	1.47358790e+03
6.57649673e-04	1.50818768e+03
6.73934850e-04	1.54357382e+03
6.90623293e-04	1.57976253e+03
7.07724986e-04	1.61677018e+03
7.25250163e-04	1.65461340e+03
7.43209310e-04	1.69330911e+03
7.61613175e-04	1.73287446e+03
7.80472769e-04	1.77332687e+03
7.99799377e-04	1.81468403e+03
8.19604564e-04	1.85696388e+03
8.39900181e-04	1.90018465e+03
8.60698371e-04	1.94436469e+03
8.82011582e-04	1.98952239e+03
9.03852564e-04	2.03567638e+03
9.26234388e-04	2.08284550e+03
9.49170447e-04	2.13104883e+03
9.72674464e-04	2.18030568e+03
9.96760504e-04	2.23063558e+03
1.02144298e-03	2.28205827e+03
1.04673666e-03	2.33459372e+03
1.07265668e-03	2.38826201e+03
1.09921855e-03	2.44308276e+03
1.12643816e-03	2.49907558e+03
1.15433180e-03	2.55626016e+03
1.18291617e-03	2.61465629e+03
1.21220836e-03	2.67428388e+03
1.24222590e-03	2.73516289e+03
1.27298676e-03	2.79731339e+03
1.30450934e-03	2.86075547e+03
1.33681251e-03	2.92550928e+03
1.36991559e-03	2.99159466e+03
1.40383839e-03	3.05903107e+03
1.43860121e-03	3.12783793e+03
1.47422485e-03	3.19803457e+03
1.51073062e-03	3.26964021e+03
1.54814038e-03	3.34267399e+03
1.58647651e-03	3.41715489e+03
1.62576194e-03	3.49310177e+03
1.66602019e-03	3.57053329e+03
1.70727534e-03	3.64946759e+03
1.74955207e-03	3.72992144e+03
1.79287569e-03	3.81191108e+03
1.83727212e-03	3.89545229e+03
1.88276793e-03	3.98056043e+03
1.92939034e-03	4.06725036e+03
1.97716724e-03	4.15553644e+03
2.02612723e-03	4.24543248e+03
2.07629959e-03	4.33695172e+03
2.12771436e-03	4.43010669e+03
2.18040230e-03	4.52490839e+03
2.23439494e-03	4.62136648e+03
2.28972458e-03	4.71948974e+03
2.34642432e-03	4.81928607e+03
2.40452811e-03	4.92076240e+03
2.46407070e-03	5.02392465e+03
2.52508773e-03	5.12877772e+03
2.58761571e-03	5.23532539e+03
2.65169204e-03	5.34357033e+03
2.71735508e-03	5.45351335e+03
2.78464411e-03	5.56515272e+03
2.85359940e-03	5.67848516e+03
2.92426221e-03	5.79350584e+03
2.99667482e-03	5.91020839e+03
3.07088056e-03	6.02858481e+03
3.14692383e-03	6.14862543e+03
3.22485014e-03	6.27031885e+03
3.30470612e-03	6.39365187e+03
3.38653954e-03	6.51860913e+03
3.47039938e-03	6.64517133e+03
3.55633582e-03	6.77331622e+03
3.64440028e-03	6.90301928e+03
3.73464544e-03	7.03425369e+03
3.82712532e-03	7.16699024e+03
3.92189526e-03	7.30119730e+03
4.01901195e-03	7.43684073e+03
4.11853351e-03	7.57388386e+03
4.22051949e-03	7.71228734e+03
4.32503092e-03	7.85200713e+03
4.43213034e-03	7.99299383e+03
4.54188183e-03	8.13519484e+03
4.65435106e-03	8.27855441e+03
4.76960532e-03	8.42301361e+03
4.88771360e-03	8.56851031e+03
5.00874655e-03	8.71497909e+03
5.13277661e-03	8.86235126e+03
5.25987799e-03	9.01055480e+03
5.39012673e-03	9.15951265e+03
5.52360079e-03	9.30913776e+03
5.66038003e-03	9.45933768e+03
5.80054628e-03	9.61001590e+03
5.94418343e-03	9.76107194e+03
6.09137743e-03	9.91240127e+03
6.24221634e-03	1.00638954e+04
6.39679043e-03	1.02154419e+04
6.55519219e-03	1.03669243e+04
6.71751641e-03	1.05182218e+04
6.88386021e-03	1.06692021e+04
7.05432313e-03	1.08197226e+04
7.22900717e-03	1.09696361e+04
7.40801687e-03	1.11187911e+04
7.59145932e-03	1.12670319e+04
7.77944430e-03	1.14141984e+04
7.97208430e-03	1.15601268e+04
8.16949458e-03	1.17046495e+04
8.37179327e-03	1.18475951e+04
8.57910142e-03	1.19887813e+04
8.79154308e-03	1.21280048e+04
9.00924537e-03	1.22650560e+04
9.23233855e-03	1.23997214e+04
9.46095612e-03	1.25317837e+04
9.69523488e-03	1.26610228e+04
9.93531501e-03	1.27872157e+04
1.01813402e-02	1.29101369e+04
1.04334576e-02	1.30295594e+04
1.06918181e-02	1.31452515e+04
1.09565763e-02	1.32569581e+04
1.12278907e-02	1.33644121e+04
1.15059235e-02	1.34673456e+04
1.17908411e-02	1.35654902e+04
1.20828141e-02	1.36585785e+04
1.23820171e-02	1.37463439e+04
1.26886292e-02	1.38285224e+04
1.30028339e-02	1.39048529e+04
1.33248191e-02	1.39750775e+04
1.36547775e-02	1.40389199e+04
1.39929066e-02	1.40960760e+04
1.43394086e-02	1.41462453e+04
1.46944910e-02	1.41891342e+04
1.50583662e-02	1.42244574e+04
1.54312519e-02	1.42519395e+04
1.58133713e-02	1.42713162e+04
1.62049529e-02	1.42823353e+04
1.66062312e-02	1.42847586e+04
1.70174462e-02	1.42783586e+04
1.74388440e-02	1.42629039e+04
1.78706768e-02	1.42381757e+04
1.83132029e-02	1.42039743e+04
1.87666871e-02	1.41601212e+04
1.92314008e-02	1.41064603e+04
1.97076221e-02	1.40428591e+04
2.01956359e-02	1.39692104e+04
2.06957343e-02	1.38854332e+04
2.12082164e-02	1.37914764e+04
2.17333890e-02	1.36873638e+04
2.22715662e-02	1.35731876e+04
2.28230702e-02	1.34490685e+04
2.33882309e-02	1.33151541e+04
2.39673865e-02	1.31716185e+04
2.45608836e-02	1.30186624e+04
2.51690772e-02	1.28565128e+04
2.57923313e-02	1.26854222e+04
2.64310189e-02	1.25056684e+04
2.70855222e-02	1.23176570e+04
2.77562326e-02	1.21220879e+04
2.84435517e-02	1.19197039e+04
2.91478907e-02	1.17112382e+04
2.98696710e-02	1.14974110e+04
3.06093245e-02	1.12789271e+04
3.13672938e-02	1.10564727e+04
3.21440325e-02	1.08307136e+04
3.29400053e-02	1.06022932e+04
3.37556886e-02	1.03718774e+04
3.45915704e-02	1.01405222e+04
3.54481508e-02	9.90943228e+03
3.63259425e-02	9.67972355e+03
3.72254707e-02	9.45242150e+03
3.81472737e-02	9.22846285e+03
3.90919029e-02	9.00869823e+03
4.00599237e-02	8.79389572e+03
4.10519154e-02	8.58474506e+03
4.20684714e-02	8.38186641e+03
4.31102000e-02	8.18583351e+03
4.41777247e-02	7.99716289e+03
4.52716842e-02	7.81631154e+03
4.63927330e-02	7.64368334e+03
4.75415421e-02	7.47963563e+03
4.87187987e-02	7.32444896e+03
4.99252074e-02	7.17793256e+03
5.11614900e-02	7.03961669e+03
5.24283863e-02	6.90905850e+03
5.37266544e-02	6.78580636e+03
5.50570711e-02	6.66899956e+03
5.64204324e-02	6.55755711e+03
5.78175543e-02	6.45043368e+03
5.92492727e-02	6.34629856e+03
6.07164443e-02	6.24367194e+03
6.22199470e-02	6.14106483e+03
6.37606805e-02	6.03682874e+03
6.53395667e-02	5.92936998e+03
6.69575504e-02	5.81711964e+03
6.86155997e-02	5.69863458e+03
7.03147068e-02	5.57269180e+03
7.20558883e-02	5.43831950e+03
7.38401862e-02	5.29493498e+03
7.56686681e-02	5.14234197e+03
7.75424282e-02	4.98082491e+03
7.94625876e-02	4.81119052e+03
8.14302953e-02	4.63471543e+03
8.34467287e-02	4.45320141e+03
8.55130945e-02	4.26883060e+03
8.76306291e-02	4.08411060e+03
8.98005995e-02	3.90178415e+03
9.20243043e-02	3.72461653e+03
9.43030739e-02	3.55528373e+03
9.66382720e-02	3.39620946e+03
9.90312960e-02	3.24939117e+03
1.01483578e-01	3.11630758e+03
1.03996584e-01	2.99777355e+03
1.06571820e-01	2.89387556e+03
1.09210825e-01	2.80396812e+03
1.11915179e-01	2.72662434e+03
1.14686501e-01	2.65965952e+03
1.17526447e-01	2.60027595e+03
1.20436719e-01	2.54518914e+03
1.23419056e-01	2.49081987e+03
1.26475245e-01	2.43366567e+03
1.29607112e-01	2.37064311e+03
1.32816534e-01	2.29943794e+03
1.36105429e-01	2.21889442e+03
1.39475766e-01	2.12922150e+03
1.42929562e-01	2.03198969e+03
1.46468883e-01	1.92997921e+03
1.50095847e-01	1.82685993e+03
1.53812624e-01	1.72662360e+03
1.57621439e-01	1.63303931e+03
1.61524570e-01	1.54917206e+03
1.65524354e-01	1.47688607e+03
1.69623183e-01	1.41661198e+03
1.73823510e-01	1.36731220e+03
1.78127848e-01	1.32654482e+03
1.82538773e-01	1.29101914e+03
1.87058925e-01	1.25692534e+03
1.91691008e-01	1.22041562e+03
1.96437794e-01	1.17842600e+03
2.01302122e-01	1.12982088e+03
2.06286905e-01	1.07549598e+03
2.11395125e-01	1.01799821e+03
2.16629837e-01	9.60825337e+02
2.21994176e-01	9.07353621e+02
2.27491350e-01	8.60091135e+02
2.33124648e-01	8.20266128e+02
2.38897442e-01	7.87518899e+02
2.44813187e-01	7.59896783e+02
2.50875421e-01	7.34515953e+02
2.57087772e-01	7.08397556e+02
2.63453957e-01	6.79558723e+02
2.69977787e-01	6.47584914e+02
2.76663164e-01	6.13626158e+02
2.83514090e-01	5.79949980e+02
2.90534662e-01	5.49020137e+02
2.97729083e-01	5.22177493e+02
3.05101657e-01	4.99333969e+02
3.12656796e-01	4.79157979e+02
3.20399020e-01	4.59780763e+02
3.28332963e-01	4.39691729e+02
3.36463372e-01	4.18386709e+02
3.44795111e-01	3.96638862e+02
3.53333167e-01	3.75762064e+02
3.62082648e-01	3.56801575e+02
3.71048790e-01	3.40048180e+02
3.80236957e-01	3.24758493e+02
3.89652648e-01	3.09958910e+02
3.99301498e-01	2.95040764e+02
4.09189278e-01	2.80063755e+02
4.19321907e-01	2.65628973e+02
4.29705447e-01	2.52208571e+02
4.40346111e-01	2.39895120e+02
4.51250267e-01	2.28355715e+02
4.62424439e-01	2.17207163e+02
4.73875314e-01	2.06228558e+02
4.85609743e-01	1.95626132e+02
4.97634749e-01	1.85626157e+02
5.09957525e-01	1.76327313e+02
5.22585447e-01	1.67509403e+02
5.35526071e-01	1.58987741e+02
5.48787139e-01	1.50801771e+02
5.62376587e-01	1.43014075e+02
5.76302546e-01	1.35671490e+02
5.90573349e-01	1.28714068e+02
6.05197536e-01	1.22051723e+02
6.20183857e-01	1.15690454e+02
6.35541280e-01	1.09661592e+02
6.51278994e-01	1.03946154e+02
6.67406416e-01	9.85071157e+01
6.83933197e-01	9.33272584e+01
7.00869225e-01	8.84044489e+01
7.18224635e-01	8.37336559e+01
7.36009812e-01	7.93013586e+01
7.54235397e-01	7.50930284e+01
7.72912298e-01	7.10959732e+01
7.92051688e-01	6.73005303e+01
8.11665021e-01	6.36978208e+01
8.31764034e-01	6.02792294e+01
8.52360752e-01	5.70361698e+01
8.73467500e-01	5.39601543e+01
8.95096908e-01	5.10430627e+01
9.17261918e-01	4.82771386e+01
9.39975794e-01	4.56549756e+01
9.63252127e-01	4.31695025e+01
9.87104844e-01	4.08139703e+01
1.01154822e+00	3.85819390e+01
1.03659688e+00	3.64672656e+01
1.06226581e+00	3.44640912e+01
1.08857037e+00	3.25668292e+01
1.11552631e+00	3.07701567e+01
1.14314974e+00	2.90690021e+01
1.17145721e+00	2.74585327e+01
1.20046565e+00	2.59341439e+01
1.23019241e+00	2.44914498e+01
1.26065529e+00	2.31262739e+01
1.29187251e+00	2.18346395e+01
1.32386275e+00	2.06127617e+01
1.35664516e+00	1.94570380e+01
1.39023935e+00	1.83640398e+01
1.42466542e+00	1.73305058e+01
1.45994397e+00	1.63533346e+01
1.49609612e+00	1.54295775e+01
1.53314349e+00	1.45564320e+01
1.57110825e+00	1.37312344e+01
1.61001312e+00	1.29514542e+01
1.64988138e+00	1.22146872e+01
1.69073689e+00	1.15186500e+01
1.73260409e+00	1.08611722e+01
1.77550803e+00	1.02401925e+01
1.81947440e+00	9.65375476e+00
1.86452948e+00	9.10000310e+00
1.91070026e+00	8.57717696e+00
1.95801434e+00	8.08360658e+00
2.00650005e+00	7.61770853e+00
2.05618640e+00	7.17798150e+00
2.10710311e+00	6.76300229e+00
2.15928066e+00	6.37142203e+00
2.21275026e+00	6.00196257e+00
2.26754392e+00	5.65341284e+00
2.32369442e+00	5.32462543e+00
2.38123535e+00	5.01451346e+00
2.44020115e+00	4.72204754e+00
2.50062710e+00	4.44625286e+00
2.56254937e+00	4.18620646e+00
2.62600499e+00	3.94103462e+00
2.69103195e+00	3.70991024e+00
2.75766915e+00	3.49205004e+00
2.82595647e+00	3.28671277e+00
2.89593476e+00	3.09319725e+00
2.96764591e+00	2.91084029e+00
3.04113281e+00	2.73901475e+00
3.11643945e+00	2.57712765e+00
3.19361089e+00	2.42461832e+00
3.27269330e+00	2.28095682e+00
3.35373400e+00	2.14564220e+00
3.43678149e+00	2.01820106e+00
3.52188545e+00	1.89818603e+00
3.60909682e+00	1.78517442e+00
3.69846778e+00	1.67876694e+00
3.79005181e+00	1.57858640e+00
3.88390370e+00	1.48427655e+00
3.98007962e+00	1.39550098e+00
4.07863711e+00	1.31194202e+00
4.17963515e+00	1.23329974e+00
4.28313418e+00	1.15929098e+00
4.38919612e+00	1.08964839e+00
4.49788443e+00	1.02411964e+00
4.60926417e+00	9.62466601e-01
4.72340197e+00	9.04464616e-01
4.84036612e+00	8.49901730e-01
4.96022663e+00	7.98577999e-01
5.08305520e+00	7.50304831e-01
5.20892534e+00	7.04904357e-01
5.33791236e+00	6.62208842e-01
5.47009345e+00	6.22060082e-01
5.60554770e+00	5.84308899e-01
5.74435616e+00	5.48814663e-01
5.88660189e+00	5.15444820e-01
6.03237001e+00	4.84074439e-01
6.18174774e+00	4.54585785e-01
6.33482446e+00	4.26867910e-01
6.49169178e+00	4.00816280e-01
6.65244356e+00	3.76332404e-01
6.81717598e+00	3.53323502e-01
6.98598762e+00	3.31702185e-01
7.15897949e+00	3.11386136e-01
7.33625511e+00	2.92297830e-01
7.51792055e+00	2.74364257e-01
7.70408451e+00	2.57516665e-01
7.89485839e+00	2.41690319e-01
8.09035635e+00	2.26824270e-01
8.29069537e+00	2.12861140e-01
8.49599532e+00	1.99746912e-01
8.70637905e+00	1.87430714e-01
8.92197245e+00	1.75864654e-01
9.14290452e+00	1.65003672e-01
9.36930746e+00	1.54805372e-01
9.60131675e+00	1.45229869e-01
9.83907122e+00	1.36239639e-01
1.00827131e+01	1.27799388e-01
1.03323883e+01	1.19875917e-01
1.05882460e+01	1.12438000e-01
1.08504395e+01	1.05456290e-01
1.11191256e+01	9.89032141e-02
1.13944651e+01	9.27528349e-02
1.16766228e+01	8.69807577e-02
1.19657674e+01	8.15640390e-02
1.22620720e+01	7.64811026e-02
1.25657140e+01	7.17116593e-02
1.28768749e+01	6.72366324e-02
1.31957410e+01	6.30380864e-02
1.35225031e+01	5.90991453e-02
1.38573567e+01	5.54038775e-02
1.42005022e+01	5.19373040e-02
1.45521449e+01	4.86853645e-02
1.49124952e+01	4.56348611e-02
1.52817687e+01	4.27734047e-02
1.56601865e+01	4.00893664e-02
1.60479749e+01	3.75718298e-02
1.64453660e+01	3.52105480e-02
1.68525975e+01	3.29959071e-02
1.72699133e+01	3.09189861e-02
1.76975628e+01	2.89714835e-02
1.81358021e+01	2.71455743e-02
1.85848935e+01	2.54338812e-02
1.90451055e+01	2.38294509e-02
1.95167136e+01	2.23257327e-02
2.00000000e+01	2.09165563e-02
