# 1.k[h/Mpc]   2.Pell0   3.Pell2   4.Pell4
0.001	10660.696264120275	2849.852976121226	174.2225712664308
0.0010592537251772887	10972.276487802355	3006.7313111748376	183.81242734600482
0.001122018454301963	11299.870688403715	3171.675295794546	193.8951938147153
0.001188502227437019	11644.129487753908	3345.0131538960695	204.49090262300433
0.0012589254117941675	12005.709156927542	3527.0760736031775	215.6197607596945
0.001333521432163324	12385.272484903828	3718.1986662213876	227.3021775812291
0.001412537544622754	12783.480458574017	3918.7148010776355	239.55850879205616
0.0014962356560944327	13200.978814425056	4128.950862558975	252.40864282209634
0.001584893192461114	13638.405298378913	4349.229436315534	265.87222418382294
0.0016788040181225606	14096.388912202985	4579.868970433818	279.9686319261398
0.0017782794100389228	14575.531356080279	4821.174472962501	294.7164079438719
0.0018836490894898002	15076.37756804814	5073.422727182801	310.1323504938398
0.001995262314968879	15599.4347321616	5336.871918266359	326.23209982218077
0.0021134890398366475	16145.171559625049	5611.7613412890705	343.0301187299856
0.00223872113856834	16713.99798518663	5898.3012465969705	360.53906625740433
0.0023713737056616554	17306.236037317907	6196.6582500404475	378.76889985700086
0.0025118864315095794	17922.13410275598	6506.962620088084	397.72731945183364
0.0026607250597988083	18561.863738621454	6829.306778358394	417.4196703193593
0.002818382931264455	19225.493055662722	7163.7320085383	437.8481219005595
0.0029853826189179603	19912.947438672978	7510.208778504537	459.01044906215236
0.0031622776601683794	20624.03009427314	7868.647296122185	480.90069046447206
0.003349654391578276	21358.41842334105	8238.895797295589	503.50902083477035
0.0035481338923357532	22115.625935826778	8620.721527006344	526.8205761278288
0.003758374042884443	22894.945822501715	9013.782426936617	550.8136884827936
0.003981071705534973	23695.4877076177	9417.646040470097	575.4610981744747
0.004216965034285823	24516.17710892232	9831.789249077789	600.7298620822055
0.0044668359215096305	25355.702924008794	10255.571985888839	626.5797229643067
0.0047315125896148025	26212.440195760537	10688.19847957725	652.9607188711611
0.005011872336272725	27084.51315309953	11128.749526330794	679.8152491628896
0.005308844442309885	27969.80266079029	11576.18598560935	707.0781424690012
0.005623413251903491	28865.853620483977	12029.301889301823	734.6736694409799
0.005956621435290103	29769.732576218208	12486.653321769722	762.5113884920618
0.00630957344480193	30678.175731447038	12946.632968219428	790.4906966645901
0.006683439175686149	31587.620694161844	13407.485370508035	818.5015644775194
0.00707945784384138	32494.08122202447	13867.241734129911	846.4200085213236
0.007498942093324558	33392.96337555409	14323.630635065565	874.1039070556049
0.007943282347242814	34279.29930267443	14774.192342637729	901.3991138102397
0.008413951416451947	35147.81554382255	15216.31187730141	928.1413764548904
0.008912509381337459	35992.712102890044	15647.100379395775	954.1476388499491
0.009440608762859235	36807.342336941976	16063.24982318682	979.2116506730838
0.01	37584.68374821283	16461.24895155649	1003.1130951230687
0.010592537251772886	38317.487883163965	16837.46020866116	1025.6222696329337
0.011220184543019636	38998.02959816518	17187.988451437785	1046.4920714863028
0.011885022274370183	39617.74297109196	17508.51277688561	1065.4540031633237
0.012589254117941675	40167.89613937484	17794.602135611232	1082.2309524116154
0.01333521432163324	40639.814786464965	18041.80940196098	1096.5385364500808
0.01412537544622754	41024.56357687991	18245.543357415972	1108.089055665593
0.014962356560944336	41312.335553478406	18400.759038318305	1116.574210617822
0.015848931924611134	41493.64793354495	18502.53331886979	1121.6924246379253
0.016788040181225608	41559.647453572106	18546.146200311538	1123.1324894264524
0.01778279410038923	41502.383561773415	18527.41734741722	1120.65491114898
0.018836490894898	41314.48198778063	18442.41407107059	1114.0357848366884
0.0199526231496888	40989.95490649401	18287.866685470828	1103.0917069323243
0.021134890398366465	40524.29367402416	18061.0469257539	1087.6213397649656
0.0223872113856834	39916.37199632952	17761.3167017072	1067.669708149258
0.023713737056616554	39168.88120153462	17389.860349153238	1043.361059148118
0.025118864315095794	38286.65949301124	16948.831877796983	1014.8439954931057
0.0266072505979881	37276.43019325992	16441.298499526973	982.3011193937978
0.028183829312644536	36151.51406959396	15874.308183479607	946.3302609429165
0.029853826189179603	34934.783205205975	15259.581580883378	907.7354144735589
0.03162277660168379	33648.92524192925	14608.18298393814	867.0937029194065
0.03349654391578276	32316.161449398525	13931.583693739922	825.1747598795478
0.03548133892335755	30963.9433454334	13244.438189454022	783.0678200921368
0.037583740428844416	29629.60771354113	12565.997717609986	741.9848388136897
0.039810717055349734	28343.28085789325	11909.858178174873	702.2121130394651
0.042169650342858224	27132.58922820029	11291.157197277787	664.9438674520025
0.0446683592150963	26018.82261744428	10721.013697789225	630.9142670846147
0.04731512589614805	25018.023585310657	10207.0643719842	600.437062731429
0.05011872336272722	24135.88371160734	9748.354825528177	572.3772719604042
0.053088444423098846	23368.91195876718	9345.802645652595	547.6466409504308
0.05623413251903491	22697.826019489017	8989.61541914581	525.7689587958155
0.059566214352901034	22085.970841802828	8659.912183125405	505.2927224911174
0.06309573444801933	21484.63658111863	8331.311412311374	484.5410929469282
0.06683439175686146	20846.79314536502	7986.7451898643185	464.3897102243403
0.0707945784384138	20124.173894792526	7606.429589304951	444.7543089291645
0.07498942093324558	19278.99707906567	7171.98355771412	424.24298470010365
0.07943282347242814	18310.045275546516	6688.658754366293	404.2191947971986
0.08413951416451952	17256.161399374552	6181.982777378803	387.34643562162626
0.08912509381337455	16185.64812451143	5684.840564700057	374.85213625127653
0.09440608762859236	15172.350953369903	5218.1084735944405	363.4442579103561
0.1	14302.068763335563	4820.771092951263	355.24501986836754
0.10592537251772886	13620.893711759774	4506.469667111722	349.754853050119
0.1122018454301963	13122.076411016593	4264.035505185922	345.3958106592986
0.1188502227437019	12732.7017870501	4047.1974991471234	336.98014977531693
0.12589254117941676	12379.322647760673	3849.753451315055	331.7010660805041
0.1333521432163324	11976.069515686406	3653.773982505878	332.35211539921374
0.1412537544622754	11480.295492972287	3449.334427009826	337.9411109554891
0.1496235656094433	10925.43501061236	3241.6772442191404	344.65251547126866
0.15848931924611143	10417.658934745139	3069.359498096303	354.34302945455545
0.16788040181225605	10024.337675590285	2932.0995615944694	363.55831075808544
0.1778279410038923	9728.337720645062	2795.656424930571	366.5780559459178
0.18836490894898	9477.450722144324	2660.9525838344744	367.95269302637195
0.1995262314968879	9218.545393326287	2550.646277940932	374.34146616072064
0.21134890398366477	8940.674227142053	2473.3359287352787	385.242395068187
0.223872113856834	8662.579003400286	2388.4033997510996	390.09741399129354
0.23713737056616552	8437.873934376734	2311.2571611117482	396.0982540878794
0.25118864315095796	8256.236592722724	2239.579691703518	403.9824574455678
0.26607250597988086	8085.670735850135	2182.5308547197446	412.2269746077482
0.2818382931264455	7895.292006038081	2109.958430954341	411.28424883014003
0.298538261891796	7729.93655907271	2050.107766966862	412.15823516931454
0.31622776601683794	7594.701872761656	2005.6836807214165	417.7466116119975
0.3349654391578276	7466.372238794744	1962.8468297934194	421.29849830962826
0.3548133892335753	7329.748820428036	1901.4024733508836	417.44337980421176
0.3758374042884443	7210.247411340397	1848.934510044213	415.3744307333647
0.3981071705534973	7108.273803705102	1810.31075259555	415.67726283768087
0.4216965034285822	7005.581787070261	1764.1072690245778	412.3202756686537
0.44668359215096304	6901.098298011271	1705.9534827604023	405.31306963556386
0.4731512589614803	6808.192830339266	1655.3325654966386	399.38629995875533
0.5011872336272725	6732.6457745476755	1622.543646544184	396.622757756699
0.5308844442309885	6641.650712515651	1561.863744089111	386.43233279427034
0.5623413251903491	6555.7781802853815	1501.9964702287268	375.9011434918378
0.5956621435290104	6486.202975957089	1459.756425457416	368.7427362480577
0.630957344480193	6418.656129364673	1414.8286359170186	360.6463418214655
0.6683439175686149	6340.162301311682	1350.810694016077	347.269813186602
0.707945784384138	6271.8602631824615	1296.6884394718932	335.87746344784813
0.7498942093324559	6210.119224883087	1247.6971110041359	325.4655123218441
0.7943282347242814	6150.088967371963	1197.785044912149	314.4027984891578
0.8413951416451948	6084.161894714732	1136.775453132326	300.36925974668463
0.8912509381337459	6025.81951024523	1083.3741788245788	287.9684771268278
0.9440608762859236	5975.617422504347	1038.6485911891202	277.3935264173348
1.	5918.620165459455	982.1846379300518	263.9407683519192