# 1.k[h/Mpc]   2.Pell0   3.Pell2   4.Pell4
0.001	10660.325307087856	2849.478132309366	174.19112465112943
0.0010592537251772887	10971.837481668139	3006.2869256170106	183.77511976889298
0.001122018454301963	11299.351233465444	3171.148660892931	193.85095312045337
0.001188502227437019	11643.514953477028	3344.3892754628623	204.4384637546691
0.0012589254117941675	12004.982288431029	3526.337267916881	215.55763179160306
0.001333521432163324	12384.41294163724	3717.324087801942	227.2285999222479
0.001412537544622754	12782.464274971415	3917.679890760021	239.47141068134817
0.0014962356560944327	13199.777770943258	4127.7267041251025	252.30558513658514
0.001584893192461114	13636.986185882237	4347.782004364315	265.7503371099991
0.0016788040181225606	14094.71267337468	4578.158252988919	279.82454111767856
0.0017782794100389228	14573.552087742124	4819.153452436087	294.5461487831527
0.0018836490894898002	15074.04136700145	5071.036202361263	309.9312690475016
0.001995262314968879	15596.678351350538	5334.055133634867	325.994737653716
0.0021134890398366475	16141.92084919114	5608.438398272001	342.7500794728454
0.00223872113856834	16710.166092515483	5894.383270814431	360.2088618015471
0.0023713737056616554	17301.721337280782	6192.041286258875	378.37977386680654
0.0025118864315095794	17916.817807428648	6501.52520387162	397.26904392930555
0.0026607250597988083	18555.607147363513	6822.90714647799	416.88031222486734
0.002818382931264455	19218.13440893351	7156.2049122073295	437.21377683296805
0.0029853826189179603	19904.29833830517	7501.361864397539	458.26493933839424
0.0031622776601683794	20613.87140987145	7858.256976090611	480.0252210474297
0.003349654391578276	21346.4956345866	8226.702560231537	502.4817895979718
0.0035481338923357532	22101.643876396072	8606.42466395201	525.6163365353581
0.003758374042884443	22878.562794343557	8997.034143016544	549.4032625884108
0.003981071705534973	23676.308843721243	9398.044841062121	573.8108316099358
0.004216965034285823	24493.74694253614	9808.87256597425	598.8010185122318
0.0044668359215096305	25329.497172535644	10228.80806689975	624.3278209917901
0.0047315125896148025	26181.85679128819	10656.977595043443	650.3348178372153
0.005011872336272725	27048.86233710546	11092.37432300579	676.7571698791801
0.005308844442309885	27928.29618218696	11533.861060958525	703.5216323229222
0.005623413251903491	28817.593243152798	11980.122825995486	730.5435337518054
0.005956621435290103	29713.698188824303	12429.595520620129	757.7226191495499
0.00630957344480193	30613.212675458286	12880.539935510933	784.9475727648414
0.006683439175686149	31512.42662332987	13331.056833145052	812.0967603388144
0.00707945784384138	32407.19319887848	13779.022374298738	839.0337840119544
0.007498942093324558	33292.74602027297	14222.000319396826	865.6034497969524
0.007943282347242814	34163.93332691431	14657.357262742666	891.6379982691394
0.008413951416451947	35015.28754104603	15082.297567635946	916.959226312299
0.008912509381337459	35840.80809877601	15493.750269521002	941.3703539112782
0.009440608762859235	36633.644802079325	15888.223884958961	964.6515111092763
0.01	37386.57473710931	16262.035535601844	986.5702963234444
0.010592537251772886	38092.15533389128	16611.387807857092	1006.8863625516824
0.011220184543019636	38742.48329730393	16932.249141988617	1025.344500725601
0.011885022274370183	39328.84343626746	17220.199207076894	1041.6717677458864
0.012589254117941675	39842.39093731985	17470.752680748028	1055.5910643640095
0.01333521432163324	40274.38559957285	17679.464580242828	1066.8235369577583
0.01412537544622754	40615.8906346009	17841.819197062527	1075.0938106567655
0.014962356560944336	40857.1869802928	17952.94434327258	1080.1145826672303
0.015848931924611134	40988.975725942975	18008.192159303147	1081.6143856327444
0.016788040181225608	41002.69652904113	18003.232080972055	1079.3225633249638
0.01778279410038923	40890.81160597806	17934.391956978805	1073.049511667408
0.018836490894898	40646.499023865406	17798.382328113006	1062.6321641252143
0.0199526231496888	40264.45778624069	17592.69866542286	1047.9573012922692
0.021134890398366465	39741.00939178272	17315.508234604153	1028.9052165298858
0.0223872113856834	39075.94055645223	16967.11957346215	1005.6013650569664
0.023713737056616554	38272.918816292935	16549.695506918426	978.2512822492074
0.025118864315095794	37337.821250357054	16066.405557500411	947.0865084623574
0.0266072505979881	36278.446709101074	15521.319694271024	912.3690883323784
0.028183829312644536	35109.03639224349	14922.282708131755	874.7474425593578
0.029853826189179603	33853.02005276778	14281.441060887064	835.0458510239782
0.03162277660168379	32533.500819881025	13610.144355851698	793.8583589266414
0.03349654391578276	31172.952202069468	12919.948801011418	751.9435142095758
0.03548133892335755	29798.611661754323	12225.127645787412	710.3301863324148
0.037583740428844416	28446.795343111906	11543.860964807704	670.1270994955205
0.039810717055349734	27146.548844634577	10888.781612456223	631.5802078920326
0.042169650342858224	25924.06750470674	10273.644137327808	595.7477406511562
0.0446683592150963	24799.153552243828	9708.230620493943	563.2485029512884
0.04731512589614805	23786.33870856004	9198.945670550307	534.3138244590473
0.05011872336272722	22890.267284299473	8744.362317557472	507.9069164348018
0.053088444423098846	22106.722301622274	8344.694157588106	484.79456463037445
0.05623413251903491	21416.87288129514	7990.59801769259	464.5083066015427
0.059566214352901034	20786.09631302336	7663.9824041886595	445.7408460185602
0.06309573444801933	20169.183220241313	7342.252112468473	427.0136139825901
0.06683439175686146	19522.85816365435	7010.212290629106	408.9769726685171
0.0707945784384138	18803.42556109863	6650.473010620455	391.4272572912382
0.07498942093324558	17977.582466973112	6247.245817606852	373.10447127756765
0.07943282347242814	17045.424056210206	5805.143705898665	355.0480649876862
0.08413951416451952	16043.030065307586	5345.921614367937	339.342270505064
0.08912509381337455	15032.643299969128	4897.589305753604	326.94505320078224
0.09440608762859236	14081.340472752858	4478.645543235102	315.37328035066025
0.1	13265.012254709554	4121.943746627544	306.39577170625626
0.10592537251772886	12623.451986816337	3838.8685289801447	299.65545833112935
0.1122018454301963	12149.132003781006	3619.7460172752326	293.8767924988218
0.1188502227437019	11776.93156266147	3426.1916436863667	285.0620483173768
0.12589254117941676	11439.150517616943	3249.742748251465	278.3291812358929
0.1333521432163324	11058.63536319218	3072.809976352935	275.562310803461
0.1412537544622754	10597.983996248027	2886.2418062556026	276.1178953060966
0.1496235656094433	10087.917322113019	2695.8334287703065	277.4786935933937
0.15848931924611143	9620.967591361874	2533.7592615187896	280.9111200669337
0.16788040181225605	9256.97231901074	2402.2148304428038	283.70812195548797
0.1778279410038923	8982.859488281068	2276.056004198906	281.75396286241187
0.18836490894898	8751.126060631881	2153.4322903744087	278.344002243586
0.1995262314968879	8511.736032451026	2047.9156097643715	278.43949345636804
0.21134890398366477	8254.000750165644	1965.4150336363887	281.94659033210763
0.223872113856834	7998.985008912381	1879.169145030727	281.60297715907814
0.23713737056616552	7791.840795821646	1799.6132730646173	281.5700905579699
0.25118864315095796	7623.262594487827	1724.5502992186437	282.40851586530357
0.26607250597988086	7464.070387660848	1660.5845100880333	283.6132496056347
0.2818382931264455	7291.304354706117	1588.7267051637139	279.3761586613736
0.298538261891796	7140.037072724101	1526.448508628747	276.2778840443774
0.31622776601683794	7013.960077699176	1474.2542721954771	276.11441155786963
0.3349654391578276	6894.775125822305	1424.3405367660205	274.80047567256577
0.3548133892335753	6772.20999452948	1364.4815024050683	269.10351931098234
0.3758374042884443	6664.168141379772	1311.2053030218453	264.65109136126296
0.3981071705534973	6570.134785343972	1267.5191670166578	261.75360313270863
0.4216965034285822	6477.6512221771045	1220.5002228553099	256.84720984777556
0.44668359215096304	6386.307229280035	1167.2265827671083	249.98601525708028
0.4731512589614803	6304.5097408810725	1119.5886851318426	243.88498265821397
0.5011872336272725	6235.647542957342	1083.856716718176	239.7736187968938
0.5308844442309885	6158.8050989751	1032.4231818390274	231.6126196109753
0.5623413251903491	6086.946705185132	982.5079451927036	223.40356482970708
0.5956621435290104	6026.9139469801785	944.1487476425618	217.28791025040536
0.630957344480193	5969.467481404045	904.859587548857	210.71535128653457
0.6683439175686149	5906.909726397023	855.6825897428951	201.46167114636327
0.707945784384138	5851.886816411621	813.0778499641445	193.42169127115793
0.7498942093324559	5802.020546040882	774.1646755493139	186.0201522036446
0.7943282347242814	5754.386165603559	735.6066852103925	178.41409863948596
0.8413951416451948	5704.436394074233	691.651417275973	169.35607562633365
0.8912509381337459	5659.977517762618	652.6774829834164	161.27342544579759
0.9440608762859236	5621.2805334012155	619.3118042696938	154.28632554382858
1.	5579.471360891284	579.9912746960138	145.85262545855412